23, 4, 2, 11, 
3, 5, 3, 3, 
1, 15.0, 100.0, 5.0, 
208.0, 12.0, 1, 0, 
120.0, 24.0, 0, 0, 
48.0, 52.0, 0, 0, 
20.0, 118.0, 0, 1, 
24.0, 247.0, 1, 0, 
15.0, 362.0, 0, 0, 
35.0, 453.0, 1, 0, 
74.0, 519.0, 0, 0, 
119.0, 589.0, 0, 0, 
211.0, 610.0, 0, 0, 
268.0, 602.0, 1, 0, 
409.0, 611.0, 0, 0, 
484.0, 618.0, 0, 0, 
527.0, 482.0, 0, 0, 
620.0, 574.0, 0, 0, 
664.0, 605.0, 1, 0, 
648.0, 523.0, 0, 0, 
654.0, 439.0, 0, 1, 
708.0, 390.0, 0, 0, 
793.0, 388.0, 0, 0, 
794.0, 258.0, 1, 0, 
841.0, 70.0, 0, 0, 
457.0, 12.0, 1, 0, 
754.0, 99.0, 0, 
552.0, 98.0, 0, 
470.0, 187.0, 0, 
378.0, 508.0, 0, 
206.0, 466.0, 1, 
210.0, 348.0, 0, 
293.0, 295.0, 1, 
473.0, 344.0, 0, 
119.0, 89.0, 0, 
110.0, 175.0, 0, 
140.0, 144.0, 1, 
586.0, 254.0, 1, 
630.0, 204.0, 0, 
690.0, 321.0, 0, 