57, 7, 7, 20, 
4, 4, 3, 4, 3, 4, 4, 
3, 20, 60, 1, 
0, 0, 0, 1, 
280, 0, 1, 0, 
440, -130, 0, 0, 
370, -270, 1, 0, 
460, -380, 0, 1, 
420, -490, 0, 0, 
460, -620, 0, 0, 
380, -710, 1, 0, 
320, -580, 0, 0, 
240, -590, 0, 1, 
240, -700, 0, 0, 
160, -750, 0, 0, 
170, -820, 0, 0, 
110, -820, 0, 1, 
20, -750, 0, 0, 
-80, -790, 0, 0, 
-160, -660, 1, 0, 
-40, -720, 0, 0, 
-80, -580, 0, 0, 
-190, -520, 1, 0, 
-80, -530, 0, 0, 
-80, -460, 1, 0, 
-170, -420, 0, 0, 
-190, -480, 0, 0, 
-155, -500, 1, 0, 
-210, -490, 0, 0, 
-230, -440, 0, 1, 
-210, -370, 0, 1, 
-130, -370, 0, 0, 
-70, -400, 0, 0, 
-50, -320, 1, 0, 
30, -365, 0, 0, 
50, -430, 0, 0, 
140, -430, 0, 0, 
180, -360, 0, 0, 
90, -320, 1, 0, 
90, -280, 0, 1, 
190, -290, 0, 0, 
260, -350, 0, 0, 
220, -420, 0, 0, 
290, -400, 1, 0, 
260, -320, 0, 0, 
200, -250, 0, 0, 
170, -280, 1, 0, 
130, -210, 0, 0, 
70, -280, 1, 0, 
20, -210, 0, 0, 
-10, -285, 1, 0, 
-50, -225, 0, 0, 
-100, -280, 1, 0, 
-140, -220, 0, 0, 
-190, -270, 1, 0, 
-230, -200, 1, 0, 
0, -150, 0, 1, 
260, -100, 0, 0, 
60, -50, 0, 0, 
40, -80, 1, 0, 
160, -440, 0, 
210, -430, 0, 
210, -460, 0, 
170, -480, 0, 
-10, -470, 0, 
80, -500, 0, 
50, -640, 1, 
-20, -620, 0, 
250, -440, 0, 
280, -460, 0, 
100, -720, 1, 
-80, -730, 0, 
-60, -720, 0, 
-40, -760, 0, 
-70, -760, 0, 
310, -490, 0, 
390, -490, 0, 
360, -560, 1, 
250, -130, 0, 
380, -130, 0, 
380, -220, 0, 
250, -220, 0, 
150, -145, 0, 
230, -140, 0, 
230, -195, 0, 
150, -195, 0, 
