57, 7, 8, 20, 
4, 4, 3, 4, 3, 4, 4, 
3, 20.0, 60.0, 1.0, 
840.0, 720.0, 1, 0, 
860.0, 750.0, 0, 0, 
1060.0, 700.0, 0, 0, 
800.0, 650.0, 0, 1, 
570.0, 600.0, 1, 0, 
610.0, 530.0, 1, 0, 
660.0, 580.0, 0, 0, 
700.0, 520.0, 1, 0, 
750.0, 575.0, 0, 0, 
790.0, 515.0, 1, 0, 
820.0, 590.0, 0, 0, 
870.0, 520.05, 1, 0, 
930.0, 590.1, 0, 0, 
970.0, 520.15, 1, 0, 
1000.0, 550.0, 0, 0, 
1060.05, 480.0, 0, 0, 
1090.0, 400.0, 1, 0, 
1020.0, 380.0, 0, 0, 
1060.1, 450.0, 0, 0, 
990.0, 510.0, 0, 0, 
890.0, 520.2, 0, 1, 
890.15, 480.25, 1, 0, 
980.0, 440.0, 0, 0, 
940.0, 370.0, 0, 0, 
850.0, 370.3, 0, 0, 
830.0, 435.0, 0, 0, 
750.2, 480.35, 1, 0, 
730.0, 400.4, 0, 0, 
670.0, 430.0, 0, 0, 
590.0, 430.45, 0, 1, 
570.25, 360.0, 0, 1, 
590.3, 310.0, 0, 0, 
645.0, 300.0, 1, 0, 
610.35, 320.0, 0, 0, 
630.0, 380.5, 0, 0, 
720.0, 340.0, 1, 0, 
720.4, 270.0, 0, 0, 
610.45, 280.0, 1, 0, 
720.5, 220.0, 0, 0, 
760.0, 80.0, 0, 0, 
640.0, 140.0, 1, 0, 
720.55, 10.0, 0, 0, 
820.6, 50.0, 0, 0, 
910.0, -20.0, 0, 1, 
970.65, -19.45, 0, 0, 
960.0, 50.6, 0, 0, 
1040.0, 100.0, 0, 0, 
1040.7, 210.0, 0, 1, 
1120.0, 220.65, 0, 0, 
1180.0, 90.0, 1, 0, 
1260.0, 180.0, 0, 0, 
1220.0, 310.7, 0, 0, 
1260.75, 420.0, 0, 1, 
1170.0, 530.75, 1, 0, 
1240.0, 670.0, 0, 0, 
1080.0, 800.0, 1, 0, 
800.8, 800.8, 0, 1, 
970.0, 320.0, 0, 
1010.0, 340.0, 0, 
1010.0, 370.0, 0, 
960.0, 360.0, 0, 
780.0, 180.0, 0, 
850.0, 160.0, 1, 
880.0, 300.0, 0, 
790.0, 330.0, 0, 
900.0, 80.0, 1, 
1080.0, 340.0, 0, 
1050.0, 360.0, 0, 
730.0, 40.0, 0, 
760.0, 40.0, 0, 
740.0, 80.0, 0, 
720.0, 70.0, 0, 
1160.0, 240.0, 1, 
1190.0, 310.0, 0, 
1110.0, 310.0, 0, 
1050.0, 580.0, 0, 
1180.0, 580.0, 0, 
1180.0, 670.0, 0, 
1050.0, 670.0, 0, 
950.0, 605.0, 0, 
1030.0, 605.0, 0, 
1030.0, 660.0, 0, 
950.0, 655.0, 0, 
