2
146
375.0,286.0,0,0
372.67,226.0,61,0
375.0,286.0,123,1
372.67,226.0,184,0
338.67,217.33,220,0
372.67,226.0,257,1
338.67,217.33,293,0
372.67,226.0,330,1
338.67,217.33,360,1
331.0,190.33,389,0
299.33,200.33,423,0
283.67,185.67,446,1
299.33,200.33,468,0
331.0,190.33,502,0
338.67,217.33,531,0
331.0,190.33,561,1
338.67,217.33,590,0
372.67,226.0,652,1
375.0,286.0,713,0
337.67,312.0,759,0
307.33,284.0,786,1
284.0,293.0,812,0
307.33,284.0,839,1
284.0,293.0,865,0
272.33,269.0,892,0
265.33,275.67,902,0
252.67,262.67,932,1
256.0,234.0,961,0
252.67,262.67,990,0
234.67,258.67,1009,0
222.67,278.67,1033,0
234.67,258.67,1057,0
252.67,262.67,1076,0
256.0,234.0,1105,0
252.67,262.67,1134,0
256.0,234.0,1163,0
251.33,214.33,1185,1
256.0,234.0,1215,1
252.67,262.67,1244,0
234.67,258.67,1263,0
222.67,278.67,1287,0
219.67,307.67,1318,1
222.67,278.67,1348,0
206.67,263.33,1371,0
222.67,278.67,1394,0
234.67,258.67,1418,0
252.67,262.67,1437,0
256.0,234.0,1466,0
252.67,262.67,1486,1
265.33,275.67,1505,0
252.67,262.67,1524,0
265.33,275.67,1543,0
272.33,269.0,1554,1
265.33,275.67,1564,0
272.33,269.0,1592,1
284.0,293.0,1619,0
307.33,284.0,1662,1
337.67,312.0,1704,0
375.0,286.0,1750,0
337.67,312.0,1796,0
340.33,359.33,1844,0
314.0,374.67,1876,1
340.33,359.33,1907,0
337.67,312.0,1955,0
307.33,284.0,1997,0
337.67,312.0,2044,1
375.0,286.0,2090,0
372.67,226.0,2151,0
375.0,286.0,2212,0
337.67,312.0,2258,0
375.0,286.0,2304,0
372.67,226.0,2366,1
375.0,286.0,2427,0
409.67,297.0,2464,0
375.0,286.0,2501,0
409.67,297.0,2539,1
375.0,286.0,2576,0
337.67,312.0,2622,0
340.33,359.33,2670,0
314.0,374.67,2701,0
340.33,359.33,2732,0
314.0,374.67,2764,1
289.0,357.67,2795,0
314.0,374.67,2827,1
289.0,357.67,2858,0
267.67,361.0,2881,1
271.0,382.67,2903,0
249.0,391.67,2927,0
271.0,382.67,2951,0
249.0,391.67,2975,0
251.67,430.67,3015,0
249.0,391.67,3056,1
251.67,430.67,3097,1
249.0,391.67,3137,0
271.0,382.67,3161,0
267.67,361.0,3184,1
271.0,382.67,3206,0
249.0,391.67,3247,1
251.67,430.67,3288,1
249.0,391.67,3328,0
224.33,367.33,3363,0
249.0,391.67,3399,1
224.33,367.33,3434,0
249.0,391.67,3469,0
271.0,382.67,3493,0
249.0,391.67,3529,1
224.33,367.33,3564,0
235.33,321.67,3611,0
224.33,367.33,3659,1
235.33,321.67,3706,0
224.33,367.33,3753,0
249.0,391.67,3788,0
224.33,367.33,3823,0
200.33,383.0,3852,0
181.33,357.33,3885,1
200.33,383.0,3918,1
181.33,357.33,3950,0
200.33,383.0,3982,0
224.33,367.33,4012,1
200.33,383.0,4041,0
224.33,367.33,4070,0
235.33,321.67,4117,0
219.67,307.67,4139,0
235.33,321.67,4161,0
219.67,307.67,4183,0
235.33,321.67,4206,1
219.67,307.67,4228,0
235.33,321.67,4250,0
224.33,367.33,4297,0
235.33,321.67,4320,1
219.67,307.67,4342,0
235.33,321.67,4390,1
224.33,367.33,4437,0
249.0,391.67,4472,0
251.67,430.67,4512,0
249.0,391.67,4552,0
271.0,382.67,4575,1
267.67,361.0,4598,1
289.0,357.67,4620,0
267.67,361.0,4642,0
289.0,357.67,4664,0
267.67,361.0,4687,1
271.0,382.67,4710,1
267.67,361.0,4732,0
271.0,382.67,4754,0
267.67,361.0,4776,0
204
272.33,269.0,0,0
265.33,275.67,10,0
252.67,262.67,40,1
256.0,234.0,69,0
251.33,214.33,90,0
256.0,234.0,111,0
251.33,214.33,132,0
256.0,234.0,153,0
251.33,214.33,174,0
264.0,195.67,195,1
246.0,189.33,215,0
248.33,167.33,247,1
231.67,141.67,278,0
236.67,116.0,301,1
257.0,121.67,323,0
269.0,112.33,340,1
257.0,121.67,356,0
236.67,116.0,379,1
257.0,121.67,401,0
269.0,112.33,417,0
257.0,121.67,440,1
236.67,116.0,462,0
231.67,141.67,489,0
236.67,116.0,516,0
257.0,121.67,538,0
286.67,143.33,575,0
306.0,153.33,597,0
310.67,148.67,604,0
337.67,164.67,637,1
310.67,148.67,669,0
306.0,153.33,676,0
310.67,148.67,683,0
337.67,164.67,715,0
346.67,149.67,733,0
337.67,164.67,741,1
333.0,169.33,764,1
331.0,190.33,786,0
333.0,169.33,794,1
337.67,164.67,801,0
333.0,169.33,808,0
337.67,164.67,815,0
333.0,169.33,822,0
337.67,164.67,829,0
310.67,148.67,861,0
337.67,164.67,893,0
310.67,148.67,901,1
306.0,153.33,924,1
286.67,143.33,946,0
306.0,153.33,969,1
286.67,143.33,991,0
257.0,121.67,1014,1
236.67,116.0,1036,0
257.0,121.67,1053,1
269.0,112.33,1069,0
257.0,121.67,1085,0
269.0,112.33,1101,0
262.0,81.67,1133,0
282.33,55.67,1167,0
308.67,72.67,1199,0
282.33,55.67,1232,1
308.67,72.67,1264,0
282.33,55.67,1296,0
308.67,72.67,1328,0
329.0,103.33,1365,0
308.67,72.67,1402,0
329.0,103.33,1423,1
348.0,106.33,1455,1
355.67,136.0,1486,0
346.67,149.67,1503,0
355.67,136.0,1520,0
348.0,106.33,1551,0
355.67,136.0,1582,0
346.67,149.67,1599,0
337.67,164.67,1617,0
310.67,148.67,1649,0
337.67,164.67,1681,0
310.67,148.67,1713,0
306.0,153.33,1721,1
310.67,148.67,1728,0
306.0,153.33,1735,0
310.67,148.67,1742,0
337.67,164.67,1761,1
346.67,149.67,1779,1
355.67,136.0,1806,1
381.0,132.0,1832,0
355.67,136.0,1850,1
346.67,149.67,1869,1
337.67,164.67,1887,0
310.67,148.67,1919,0
337.67,164.67,1952,1
310.67,148.67,1984,0
306.0,153.33,1992,1
310.67,148.67,2000,1
306.0,153.33,2033,1
333.0,169.33,2065,0
337.67,164.67,2098,1
310.67,148.67,2130,0
337.67,164.67,2162,0
333.0,169.33,2169,0
337.67,164.67,2176,0
333.0,169.33,2209,1
306.0,153.33,2241,0
286.67,143.33,2263,0
306.0,153.33,2285,0
333.0,169.33,2317,0
306.0,153.33,2325,1
310.67,148.67,2332,0
337.67,164.67,2340,1
333.0,169.33,2347,0
331.0,190.33,2369,0
333.0,169.33,2391,0
337.67,164.67,2398,0
346.67,149.67,2416,1
355.67,136.0,2433,0
346.67,149.67,2450,0
355.67,136.0,2467,0
381.0,132.0,2494,1
355.67,136.0,2520,0
381.0,132.0,2546,0
355.67,136.0,2572,0
346.67,149.67,2589,0
337.67,164.67,2607,0
333.0,169.33,2640,1
306.0,153.33,2672,0
310.67,148.67,2679,0
306.0,153.33,2686,0
310.67,148.67,2719,1
337.67,164.67,2751,0
333.0,169.33,2758,0
331.0,190.33,2793,1
299.33,200.33,2827,0
331.0,190.33,2862,1
299.33,200.33,2896,0
331.0,190.33,2931,1
299.33,200.33,2954,1
283.67,185.67,2976,0
264.0,195.67,2999,0
246.0,189.33,3023,1
248.33,167.33,3046,0
246.0,189.33,3069,0
264.0,195.67,3089,0
251.33,214.33,3113,1
264.0,195.67,3136,0
246.0,189.33,3156,0
248.33,167.33,3179,0
231.67,141.67,3210,0
204.0,131.33,3240,0
231.67,141.67,3270,0
236.67,116.0,3297,0
257.0,121.67,3319,0
236.67,116.0,3341,0
257.0,121.67,3364,1
236.67,116.0,3392,1
231.67,141.67,3419,0
248.33,167.33,3443,1
246.0,189.33,3467,1
248.33,167.33,3490,0
231.67,141.67,3522,1
248.33,167.33,3553,0
246.0,189.33,3577,1
248.33,167.33,3600,0
231.67,141.67,3628,1
236.67,116.0,3656,1
231.67,141.67,3683,0
248.33,167.33,3714,0
231.67,141.67,3745,0
204.0,131.33,3776,1
193.0,158.33,3806,0
204.0,131.33,3836,0
231.67,141.67,3866,0
236.67,116.0,3893,0
257.0,121.67,3931,1
286.67,143.33,3968,0
306.0,153.33,4001,1
333.0,169.33,4033,0
331.0,190.33,4068,1
299.33,200.33,4103,1
331.0,190.33,4138,1
299.33,200.33,4172,0
283.67,185.67,4194,0
264.0,195.67,4217,0
246.0,189.33,4238,1
264.0,195.67,4258,0
246.0,189.33,4279,1
264.0,195.67,4299,0
246.0,189.33,4319,0
264.0,195.67,4339,0
246.0,189.33,4359,0
248.33,167.33,4391,1
231.67,141.67,4422,0
236.67,116.0,4449,0
231.67,141.67,4477,1
236.67,116.0,4504,0
231.67,141.67,4531,0
204.0,131.33,4561,0
231.67,141.67,4591,0
236.67,116.0,4618,0
257.0,121.67,4640,0
269.0,112.33,4656,0
257.0,121.67,4679,1
236.67,116.0,4701,0
231.67,141.67,4728,0
204.0,131.33,4758,0
231.67,141.67,4788,0
